{
 "cells": [
  {
   "cell_type": "markdown",
   "metadata": {},
   "source": [
    "## Separa os dados de treino e teste, treina o modelo e faz a classificação predict_proba"
   ]
  },
  {
   "cell_type": "code",
   "execution_count": 39,
   "metadata": {},
   "outputs": [],
   "source": [
    "# importa bibliotecas\n",
    "import pandas as pd\n",
    "from sklearn import metrics\n",
    "from sklearn.linear_model import LogisticRegression\n",
    "from sklearn.model_selection import train_test_split\n",
    "\n",
    "pd.set_option('display.max_rows', None) # permite exibição de todas as linhas\n",
    "pd.set_option('display.max_columns', None) # permite exibição de todas as colunas\n",
    "import warnings\n",
    "warnings.simplefilter('ignore') # desativa avisos de warning"
   ]
  },
  {
   "cell_type": "code",
   "execution_count": 40,
   "metadata": {},
   "outputs": [],
   "source": [
    "# carrega arquivos limpos e tratados\n",
    "dfx = pd.read_csv('arquivos_tratados/df_winequality-red.csv')"
   ]
  },
  {
   "cell_type": "code",
   "execution_count": 41,
   "metadata": {},
   "outputs": [
    {
     "data": {
      "text/html": [
       "<div>\n",
       "<style scoped>\n",
       "    .dataframe tbody tr th:only-of-type {\n",
       "        vertical-align: middle;\n",
       "    }\n",
       "\n",
       "    .dataframe tbody tr th {\n",
       "        vertical-align: top;\n",
       "    }\n",
       "\n",
       "    .dataframe thead th {\n",
       "        text-align: right;\n",
       "    }\n",
       "</style>\n",
       "<table border=\"1\" class=\"dataframe\">\n",
       "  <thead>\n",
       "    <tr style=\"text-align: right;\">\n",
       "      <th></th>\n",
       "      <th>volatile acidity</th>\n",
       "      <th>citric acid</th>\n",
       "      <th>density</th>\n",
       "      <th>sulphates</th>\n",
       "      <th>alcohol</th>\n",
       "      <th>quality</th>\n",
       "    </tr>\n",
       "  </thead>\n",
       "  <tbody>\n",
       "    <tr>\n",
       "      <th>0</th>\n",
       "      <td>0.70</td>\n",
       "      <td>0.00</td>\n",
       "      <td>0.9978</td>\n",
       "      <td>0.56</td>\n",
       "      <td>9.4</td>\n",
       "      <td>5.0</td>\n",
       "    </tr>\n",
       "    <tr>\n",
       "      <th>1</th>\n",
       "      <td>0.88</td>\n",
       "      <td>0.00</td>\n",
       "      <td>0.9968</td>\n",
       "      <td>0.68</td>\n",
       "      <td>9.8</td>\n",
       "      <td>5.0</td>\n",
       "    </tr>\n",
       "    <tr>\n",
       "      <th>2</th>\n",
       "      <td>0.76</td>\n",
       "      <td>0.04</td>\n",
       "      <td>0.9970</td>\n",
       "      <td>0.65</td>\n",
       "      <td>9.8</td>\n",
       "      <td>5.0</td>\n",
       "    </tr>\n",
       "  </tbody>\n",
       "</table>\n",
       "</div>"
      ],
      "text/plain": [
       "   volatile acidity  citric acid  density  sulphates  alcohol  quality\n",
       "0              0.70         0.00   0.9978       0.56      9.4      5.0\n",
       "1              0.88         0.00   0.9968       0.68      9.8      5.0\n",
       "2              0.76         0.04   0.9970       0.65      9.8      5.0"
      ]
     },
     "execution_count": 41,
     "metadata": {},
     "output_type": "execute_result"
    }
   ],
   "source": [
    "# verifica primeiras linhas\n",
    "dfx.head(3)"
   ]
  },
  {
   "cell_type": "code",
   "execution_count": 42,
   "metadata": {},
   "outputs": [
    {
     "data": {
      "text/plain": [
       "quality\n",
       "5.0    434\n",
       "6.0    423\n",
       "7.0    115\n",
       "4.0     33\n",
       "Name: count, dtype: int64"
      ]
     },
     "execution_count": 42,
     "metadata": {},
     "output_type": "execute_result"
    }
   ],
   "source": [
    "# verifica os códigos de quality\n",
    "dfx['quality'].value_counts()"
   ]
  },
  {
   "cell_type": "code",
   "execution_count": 43,
   "metadata": {},
   "outputs": [],
   "source": [
    "# separa variáveis independentes e dependentes\n",
    "X = dfx[['volatile acidity', 'citric acid', 'density', 'sulphates', 'alcohol']]\n",
    "y = dfx[['quality']]"
   ]
  },
  {
   "cell_type": "code",
   "execution_count": 44,
   "metadata": {},
   "outputs": [],
   "source": [
    "# separa os sets de treino e teste\n",
    "X_train, X_test, y_train, y_test = train_test_split(X, y, test_size=0.20, random_state=42)"
   ]
  },
  {
   "cell_type": "code",
   "execution_count": 45,
   "metadata": {},
   "outputs": [
    {
     "name": "stdout",
     "output_type": "stream",
     "text": [
      "(804, 5)\n",
      "(804, 1)\n",
      "(201, 5)\n",
      "(201, 1)\n"
     ]
    }
   ],
   "source": [
    "# verifica o tamanho de cada set resultante do split\n",
    "print(X_train.shape)\n",
    "print(y_train.shape)\n",
    "print(X_test.shape)\n",
    "print(y_test.shape)"
   ]
  },
  {
   "cell_type": "code",
   "execution_count": 46,
   "metadata": {},
   "outputs": [
    {
     "data": {
      "text/html": [
       "<style>#sk-container-id-3 {\n",
       "  /* Definition of color scheme common for light and dark mode */\n",
       "  --sklearn-color-text: black;\n",
       "  --sklearn-color-line: gray;\n",
       "  /* Definition of color scheme for unfitted estimators */\n",
       "  --sklearn-color-unfitted-level-0: #fff5e6;\n",
       "  --sklearn-color-unfitted-level-1: #f6e4d2;\n",
       "  --sklearn-color-unfitted-level-2: #ffe0b3;\n",
       "  --sklearn-color-unfitted-level-3: chocolate;\n",
       "  /* Definition of color scheme for fitted estimators */\n",
       "  --sklearn-color-fitted-level-0: #f0f8ff;\n",
       "  --sklearn-color-fitted-level-1: #d4ebff;\n",
       "  --sklearn-color-fitted-level-2: #b3dbfd;\n",
       "  --sklearn-color-fitted-level-3: cornflowerblue;\n",
       "\n",
       "  /* Specific color for light theme */\n",
       "  --sklearn-color-text-on-default-background: var(--sg-text-color, var(--theme-code-foreground, var(--jp-content-font-color1, black)));\n",
       "  --sklearn-color-background: var(--sg-background-color, var(--theme-background, var(--jp-layout-color0, white)));\n",
       "  --sklearn-color-border-box: var(--sg-text-color, var(--theme-code-foreground, var(--jp-content-font-color1, black)));\n",
       "  --sklearn-color-icon: #696969;\n",
       "\n",
       "  @media (prefers-color-scheme: dark) {\n",
       "    /* Redefinition of color scheme for dark theme */\n",
       "    --sklearn-color-text-on-default-background: var(--sg-text-color, var(--theme-code-foreground, var(--jp-content-font-color1, white)));\n",
       "    --sklearn-color-background: var(--sg-background-color, var(--theme-background, var(--jp-layout-color0, #111)));\n",
       "    --sklearn-color-border-box: var(--sg-text-color, var(--theme-code-foreground, var(--jp-content-font-color1, white)));\n",
       "    --sklearn-color-icon: #878787;\n",
       "  }\n",
       "}\n",
       "\n",
       "#sk-container-id-3 {\n",
       "  color: var(--sklearn-color-text);\n",
       "}\n",
       "\n",
       "#sk-container-id-3 pre {\n",
       "  padding: 0;\n",
       "}\n",
       "\n",
       "#sk-container-id-3 input.sk-hidden--visually {\n",
       "  border: 0;\n",
       "  clip: rect(1px 1px 1px 1px);\n",
       "  clip: rect(1px, 1px, 1px, 1px);\n",
       "  height: 1px;\n",
       "  margin: -1px;\n",
       "  overflow: hidden;\n",
       "  padding: 0;\n",
       "  position: absolute;\n",
       "  width: 1px;\n",
       "}\n",
       "\n",
       "#sk-container-id-3 div.sk-dashed-wrapped {\n",
       "  border: 1px dashed var(--sklearn-color-line);\n",
       "  margin: 0 0.4em 0.5em 0.4em;\n",
       "  box-sizing: border-box;\n",
       "  padding-bottom: 0.4em;\n",
       "  background-color: var(--sklearn-color-background);\n",
       "}\n",
       "\n",
       "#sk-container-id-3 div.sk-container {\n",
       "  /* jupyter's `normalize.less` sets `[hidden] { display: none; }`\n",
       "     but bootstrap.min.css set `[hidden] { display: none !important; }`\n",
       "     so we also need the `!important` here to be able to override the\n",
       "     default hidden behavior on the sphinx rendered scikit-learn.org.\n",
       "     See: https://github.com/scikit-learn/scikit-learn/issues/21755 */\n",
       "  display: inline-block !important;\n",
       "  position: relative;\n",
       "}\n",
       "\n",
       "#sk-container-id-3 div.sk-text-repr-fallback {\n",
       "  display: none;\n",
       "}\n",
       "\n",
       "div.sk-parallel-item,\n",
       "div.sk-serial,\n",
       "div.sk-item {\n",
       "  /* draw centered vertical line to link estimators */\n",
       "  background-image: linear-gradient(var(--sklearn-color-text-on-default-background), var(--sklearn-color-text-on-default-background));\n",
       "  background-size: 2px 100%;\n",
       "  background-repeat: no-repeat;\n",
       "  background-position: center center;\n",
       "}\n",
       "\n",
       "/* Parallel-specific style estimator block */\n",
       "\n",
       "#sk-container-id-3 div.sk-parallel-item::after {\n",
       "  content: \"\";\n",
       "  width: 100%;\n",
       "  border-bottom: 2px solid var(--sklearn-color-text-on-default-background);\n",
       "  flex-grow: 1;\n",
       "}\n",
       "\n",
       "#sk-container-id-3 div.sk-parallel {\n",
       "  display: flex;\n",
       "  align-items: stretch;\n",
       "  justify-content: center;\n",
       "  background-color: var(--sklearn-color-background);\n",
       "  position: relative;\n",
       "}\n",
       "\n",
       "#sk-container-id-3 div.sk-parallel-item {\n",
       "  display: flex;\n",
       "  flex-direction: column;\n",
       "}\n",
       "\n",
       "#sk-container-id-3 div.sk-parallel-item:first-child::after {\n",
       "  align-self: flex-end;\n",
       "  width: 50%;\n",
       "}\n",
       "\n",
       "#sk-container-id-3 div.sk-parallel-item:last-child::after {\n",
       "  align-self: flex-start;\n",
       "  width: 50%;\n",
       "}\n",
       "\n",
       "#sk-container-id-3 div.sk-parallel-item:only-child::after {\n",
       "  width: 0;\n",
       "}\n",
       "\n",
       "/* Serial-specific style estimator block */\n",
       "\n",
       "#sk-container-id-3 div.sk-serial {\n",
       "  display: flex;\n",
       "  flex-direction: column;\n",
       "  align-items: center;\n",
       "  background-color: var(--sklearn-color-background);\n",
       "  padding-right: 1em;\n",
       "  padding-left: 1em;\n",
       "}\n",
       "\n",
       "\n",
       "/* Toggleable style: style used for estimator/Pipeline/ColumnTransformer box that is\n",
       "clickable and can be expanded/collapsed.\n",
       "- Pipeline and ColumnTransformer use this feature and define the default style\n",
       "- Estimators will overwrite some part of the style using the `sk-estimator` class\n",
       "*/\n",
       "\n",
       "/* Pipeline and ColumnTransformer style (default) */\n",
       "\n",
       "#sk-container-id-3 div.sk-toggleable {\n",
       "  /* Default theme specific background. It is overwritten whether we have a\n",
       "  specific estimator or a Pipeline/ColumnTransformer */\n",
       "  background-color: var(--sklearn-color-background);\n",
       "}\n",
       "\n",
       "/* Toggleable label */\n",
       "#sk-container-id-3 label.sk-toggleable__label {\n",
       "  cursor: pointer;\n",
       "  display: block;\n",
       "  width: 100%;\n",
       "  margin-bottom: 0;\n",
       "  padding: 0.5em;\n",
       "  box-sizing: border-box;\n",
       "  text-align: center;\n",
       "}\n",
       "\n",
       "#sk-container-id-3 label.sk-toggleable__label-arrow:before {\n",
       "  /* Arrow on the left of the label */\n",
       "  content: \"▸\";\n",
       "  float: left;\n",
       "  margin-right: 0.25em;\n",
       "  color: var(--sklearn-color-icon);\n",
       "}\n",
       "\n",
       "#sk-container-id-3 label.sk-toggleable__label-arrow:hover:before {\n",
       "  color: var(--sklearn-color-text);\n",
       "}\n",
       "\n",
       "/* Toggleable content - dropdown */\n",
       "\n",
       "#sk-container-id-3 div.sk-toggleable__content {\n",
       "  max-height: 0;\n",
       "  max-width: 0;\n",
       "  overflow: hidden;\n",
       "  text-align: left;\n",
       "  /* unfitted */\n",
       "  background-color: var(--sklearn-color-unfitted-level-0);\n",
       "}\n",
       "\n",
       "#sk-container-id-3 div.sk-toggleable__content.fitted {\n",
       "  /* fitted */\n",
       "  background-color: var(--sklearn-color-fitted-level-0);\n",
       "}\n",
       "\n",
       "#sk-container-id-3 div.sk-toggleable__content pre {\n",
       "  margin: 0.2em;\n",
       "  border-radius: 0.25em;\n",
       "  color: var(--sklearn-color-text);\n",
       "  /* unfitted */\n",
       "  background-color: var(--sklearn-color-unfitted-level-0);\n",
       "}\n",
       "\n",
       "#sk-container-id-3 div.sk-toggleable__content.fitted pre {\n",
       "  /* unfitted */\n",
       "  background-color: var(--sklearn-color-fitted-level-0);\n",
       "}\n",
       "\n",
       "#sk-container-id-3 input.sk-toggleable__control:checked~div.sk-toggleable__content {\n",
       "  /* Expand drop-down */\n",
       "  max-height: 200px;\n",
       "  max-width: 100%;\n",
       "  overflow: auto;\n",
       "}\n",
       "\n",
       "#sk-container-id-3 input.sk-toggleable__control:checked~label.sk-toggleable__label-arrow:before {\n",
       "  content: \"▾\";\n",
       "}\n",
       "\n",
       "/* Pipeline/ColumnTransformer-specific style */\n",
       "\n",
       "#sk-container-id-3 div.sk-label input.sk-toggleable__control:checked~label.sk-toggleable__label {\n",
       "  color: var(--sklearn-color-text);\n",
       "  background-color: var(--sklearn-color-unfitted-level-2);\n",
       "}\n",
       "\n",
       "#sk-container-id-3 div.sk-label.fitted input.sk-toggleable__control:checked~label.sk-toggleable__label {\n",
       "  background-color: var(--sklearn-color-fitted-level-2);\n",
       "}\n",
       "\n",
       "/* Estimator-specific style */\n",
       "\n",
       "/* Colorize estimator box */\n",
       "#sk-container-id-3 div.sk-estimator input.sk-toggleable__control:checked~label.sk-toggleable__label {\n",
       "  /* unfitted */\n",
       "  background-color: var(--sklearn-color-unfitted-level-2);\n",
       "}\n",
       "\n",
       "#sk-container-id-3 div.sk-estimator.fitted input.sk-toggleable__control:checked~label.sk-toggleable__label {\n",
       "  /* fitted */\n",
       "  background-color: var(--sklearn-color-fitted-level-2);\n",
       "}\n",
       "\n",
       "#sk-container-id-3 div.sk-label label.sk-toggleable__label,\n",
       "#sk-container-id-3 div.sk-label label {\n",
       "  /* The background is the default theme color */\n",
       "  color: var(--sklearn-color-text-on-default-background);\n",
       "}\n",
       "\n",
       "/* On hover, darken the color of the background */\n",
       "#sk-container-id-3 div.sk-label:hover label.sk-toggleable__label {\n",
       "  color: var(--sklearn-color-text);\n",
       "  background-color: var(--sklearn-color-unfitted-level-2);\n",
       "}\n",
       "\n",
       "/* Label box, darken color on hover, fitted */\n",
       "#sk-container-id-3 div.sk-label.fitted:hover label.sk-toggleable__label.fitted {\n",
       "  color: var(--sklearn-color-text);\n",
       "  background-color: var(--sklearn-color-fitted-level-2);\n",
       "}\n",
       "\n",
       "/* Estimator label */\n",
       "\n",
       "#sk-container-id-3 div.sk-label label {\n",
       "  font-family: monospace;\n",
       "  font-weight: bold;\n",
       "  display: inline-block;\n",
       "  line-height: 1.2em;\n",
       "}\n",
       "\n",
       "#sk-container-id-3 div.sk-label-container {\n",
       "  text-align: center;\n",
       "}\n",
       "\n",
       "/* Estimator-specific */\n",
       "#sk-container-id-3 div.sk-estimator {\n",
       "  font-family: monospace;\n",
       "  border: 1px dotted var(--sklearn-color-border-box);\n",
       "  border-radius: 0.25em;\n",
       "  box-sizing: border-box;\n",
       "  margin-bottom: 0.5em;\n",
       "  /* unfitted */\n",
       "  background-color: var(--sklearn-color-unfitted-level-0);\n",
       "}\n",
       "\n",
       "#sk-container-id-3 div.sk-estimator.fitted {\n",
       "  /* fitted */\n",
       "  background-color: var(--sklearn-color-fitted-level-0);\n",
       "}\n",
       "\n",
       "/* on hover */\n",
       "#sk-container-id-3 div.sk-estimator:hover {\n",
       "  /* unfitted */\n",
       "  background-color: var(--sklearn-color-unfitted-level-2);\n",
       "}\n",
       "\n",
       "#sk-container-id-3 div.sk-estimator.fitted:hover {\n",
       "  /* fitted */\n",
       "  background-color: var(--sklearn-color-fitted-level-2);\n",
       "}\n",
       "\n",
       "/* Specification for estimator info (e.g. \"i\" and \"?\") */\n",
       "\n",
       "/* Common style for \"i\" and \"?\" */\n",
       "\n",
       ".sk-estimator-doc-link,\n",
       "a:link.sk-estimator-doc-link,\n",
       "a:visited.sk-estimator-doc-link {\n",
       "  float: right;\n",
       "  font-size: smaller;\n",
       "  line-height: 1em;\n",
       "  font-family: monospace;\n",
       "  background-color: var(--sklearn-color-background);\n",
       "  border-radius: 1em;\n",
       "  height: 1em;\n",
       "  width: 1em;\n",
       "  text-decoration: none !important;\n",
       "  margin-left: 1ex;\n",
       "  /* unfitted */\n",
       "  border: var(--sklearn-color-unfitted-level-1) 1pt solid;\n",
       "  color: var(--sklearn-color-unfitted-level-1);\n",
       "}\n",
       "\n",
       ".sk-estimator-doc-link.fitted,\n",
       "a:link.sk-estimator-doc-link.fitted,\n",
       "a:visited.sk-estimator-doc-link.fitted {\n",
       "  /* fitted */\n",
       "  border: var(--sklearn-color-fitted-level-1) 1pt solid;\n",
       "  color: var(--sklearn-color-fitted-level-1);\n",
       "}\n",
       "\n",
       "/* On hover */\n",
       "div.sk-estimator:hover .sk-estimator-doc-link:hover,\n",
       ".sk-estimator-doc-link:hover,\n",
       "div.sk-label-container:hover .sk-estimator-doc-link:hover,\n",
       ".sk-estimator-doc-link:hover {\n",
       "  /* unfitted */\n",
       "  background-color: var(--sklearn-color-unfitted-level-3);\n",
       "  color: var(--sklearn-color-background);\n",
       "  text-decoration: none;\n",
       "}\n",
       "\n",
       "div.sk-estimator.fitted:hover .sk-estimator-doc-link.fitted:hover,\n",
       ".sk-estimator-doc-link.fitted:hover,\n",
       "div.sk-label-container:hover .sk-estimator-doc-link.fitted:hover,\n",
       ".sk-estimator-doc-link.fitted:hover {\n",
       "  /* fitted */\n",
       "  background-color: var(--sklearn-color-fitted-level-3);\n",
       "  color: var(--sklearn-color-background);\n",
       "  text-decoration: none;\n",
       "}\n",
       "\n",
       "/* Span, style for the box shown on hovering the info icon */\n",
       ".sk-estimator-doc-link span {\n",
       "  display: none;\n",
       "  z-index: 9999;\n",
       "  position: relative;\n",
       "  font-weight: normal;\n",
       "  right: .2ex;\n",
       "  padding: .5ex;\n",
       "  margin: .5ex;\n",
       "  width: min-content;\n",
       "  min-width: 20ex;\n",
       "  max-width: 50ex;\n",
       "  color: var(--sklearn-color-text);\n",
       "  box-shadow: 2pt 2pt 4pt #999;\n",
       "  /* unfitted */\n",
       "  background: var(--sklearn-color-unfitted-level-0);\n",
       "  border: .5pt solid var(--sklearn-color-unfitted-level-3);\n",
       "}\n",
       "\n",
       ".sk-estimator-doc-link.fitted span {\n",
       "  /* fitted */\n",
       "  background: var(--sklearn-color-fitted-level-0);\n",
       "  border: var(--sklearn-color-fitted-level-3);\n",
       "}\n",
       "\n",
       ".sk-estimator-doc-link:hover span {\n",
       "  display: block;\n",
       "}\n",
       "\n",
       "/* \"?\"-specific style due to the `<a>` HTML tag */\n",
       "\n",
       "#sk-container-id-3 a.estimator_doc_link {\n",
       "  float: right;\n",
       "  font-size: 1rem;\n",
       "  line-height: 1em;\n",
       "  font-family: monospace;\n",
       "  background-color: var(--sklearn-color-background);\n",
       "  border-radius: 1rem;\n",
       "  height: 1rem;\n",
       "  width: 1rem;\n",
       "  text-decoration: none;\n",
       "  /* unfitted */\n",
       "  color: var(--sklearn-color-unfitted-level-1);\n",
       "  border: var(--sklearn-color-unfitted-level-1) 1pt solid;\n",
       "}\n",
       "\n",
       "#sk-container-id-3 a.estimator_doc_link.fitted {\n",
       "  /* fitted */\n",
       "  border: var(--sklearn-color-fitted-level-1) 1pt solid;\n",
       "  color: var(--sklearn-color-fitted-level-1);\n",
       "}\n",
       "\n",
       "/* On hover */\n",
       "#sk-container-id-3 a.estimator_doc_link:hover {\n",
       "  /* unfitted */\n",
       "  background-color: var(--sklearn-color-unfitted-level-3);\n",
       "  color: var(--sklearn-color-background);\n",
       "  text-decoration: none;\n",
       "}\n",
       "\n",
       "#sk-container-id-3 a.estimator_doc_link.fitted:hover {\n",
       "  /* fitted */\n",
       "  background-color: var(--sklearn-color-fitted-level-3);\n",
       "}\n",
       "</style><div id=\"sk-container-id-3\" class=\"sk-top-container\"><div class=\"sk-text-repr-fallback\"><pre>LogisticRegression(random_state=42)</pre><b>In a Jupyter environment, please rerun this cell to show the HTML representation or trust the notebook. <br />On GitHub, the HTML representation is unable to render, please try loading this page with nbviewer.org.</b></div><div class=\"sk-container\" hidden><div class=\"sk-item\"><div class=\"sk-estimator fitted sk-toggleable\"><input class=\"sk-toggleable__control sk-hidden--visually\" id=\"sk-estimator-id-3\" type=\"checkbox\" checked><label for=\"sk-estimator-id-3\" class=\"sk-toggleable__label fitted sk-toggleable__label-arrow fitted\">&nbsp;&nbsp;LogisticRegression<a class=\"sk-estimator-doc-link fitted\" rel=\"noreferrer\" target=\"_blank\" href=\"https://scikit-learn.org/1.4/modules/generated/sklearn.linear_model.LogisticRegression.html\">?<span>Documentation for LogisticRegression</span></a><span class=\"sk-estimator-doc-link fitted\">i<span>Fitted</span></span></label><div class=\"sk-toggleable__content fitted\"><pre>LogisticRegression(random_state=42)</pre></div> </div></div></div></div>"
      ],
      "text/plain": [
       "LogisticRegression(random_state=42)"
      ]
     },
     "execution_count": 46,
     "metadata": {},
     "output_type": "execute_result"
    }
   ],
   "source": [
    "# treina o modelo\n",
    "clf = LogisticRegression(random_state=42)\n",
    "clf.fit(X_train, y_train)"
   ]
  },
  {
   "cell_type": "code",
   "execution_count": 47,
   "metadata": {},
   "outputs": [],
   "source": [
    "# prediz y com predict e predict_proba\n",
    "y_pred_proba = clf.predict_proba(X_test)\n",
    "y_pred = clf.predict(X_test)"
   ]
  },
  {
   "cell_type": "code",
   "execution_count": 48,
   "metadata": {},
   "outputs": [
    {
     "data": {
      "text/plain": [
       "array([6., 6., 6., 6., 5., 7., 5., 6., 5., 5., 6., 5., 5., 5., 5., 5., 6.,\n",
       "       6., 6., 5., 6., 6., 6., 5., 5., 6., 5., 6., 5., 6., 5., 6., 6., 5.,\n",
       "       5., 6., 6., 5., 5., 6., 6., 5., 5., 6., 5., 6., 5., 6., 6., 6., 6.,\n",
       "       6., 5., 5., 6., 6., 7., 5., 5., 5., 6., 5., 6., 5., 5., 6., 5., 5.,\n",
       "       5., 6., 5., 6., 6., 6., 6., 6., 5., 6., 5., 7., 6., 5., 5., 6., 5.,\n",
       "       6., 6., 6., 5., 6., 6., 6., 5., 5., 6., 5., 6., 5., 5., 5., 6., 6.,\n",
       "       6., 5., 5., 6., 6., 6., 6., 6., 5., 5., 6., 6., 7., 6., 6., 5., 7.,\n",
       "       6., 6., 5., 5., 5., 6., 7., 5., 6., 5., 6., 6., 6., 5., 6., 6., 6.,\n",
       "       5., 5., 5., 6., 6., 5., 5., 5., 5., 5., 5., 5., 5., 6., 6., 6., 5.,\n",
       "       5., 7., 5., 5., 6., 6., 5., 6., 5., 5., 6., 6., 5., 6., 5., 5., 5.,\n",
       "       6., 5., 6., 6., 5., 5., 6., 6., 6., 5., 6., 5., 5., 6., 5., 5., 6.,\n",
       "       5., 5., 6., 6., 6., 6., 6., 5., 6., 6., 5., 5., 7., 5.])"
      ]
     },
     "execution_count": 48,
     "metadata": {},
     "output_type": "execute_result"
    }
   ],
   "source": [
    "# visualiza a predição de y de X_test\n",
    "y_pred"
   ]
  },
  {
   "cell_type": "code",
   "execution_count": 49,
   "metadata": {},
   "outputs": [
    {
     "data": {
      "text/plain": [
       "array([[ 0,  4,  1,  0],\n",
       "       [ 0, 63, 26,  0],\n",
       "       [ 0, 27, 54,  2],\n",
       "       [ 0,  0, 18,  6]], dtype=int64)"
      ]
     },
     "execution_count": 49,
     "metadata": {},
     "output_type": "execute_result"
    }
   ],
   "source": [
    "# gera a matriz de confusão para análise\n",
    "# tivemos 123 acertos(diagonal principal) contra 78 erros(vrs restantes) de 201 total dando 61,19% de acerto\n",
    "cnf_matrix = metrics.confusion_matrix(y_test, y_pred)\n",
    "cnf_matrix"
   ]
  },
  {
   "cell_type": "code",
   "execution_count": 67,
   "metadata": {},
   "outputs": [
    {
     "name": "stdout",
     "output_type": "stream",
     "text": [
      "acurácia = 0.6119402985074627\n",
      "precisão = 0.6115505643927365\n",
      "recall   = 0.6119402985074627\n",
      "f1-score   = 0.5946837600862558\n"
     ]
    }
   ],
   "source": [
    "# verifica a acurácia, precisão e recall do resultado\n",
    "print('acurácia =', metrics.accuracy_score(y_test, y_pred))\n",
    "print('precisão =', metrics.precision_score(y_test, y_pred, average='weighted'))\n",
    "print('recall   =', metrics.recall_score(y_test, y_pred, average='weighted'))\n",
    "print('f1-score   =', metrics.f1_score(y_test, y_pred, average='weighted'))"
   ]
  },
  {
   "cell_type": "code",
   "execution_count": 51,
   "metadata": {},
   "outputs": [
    {
     "name": "stdout",
     "output_type": "stream",
     "text": [
      "[[0.03747655 0.21617846 0.59348292 0.15286207]\n",
      " [0.0351363  0.40447451 0.49392746 0.06646172]\n",
      " [0.02094403 0.11764522 0.58431013 0.27710063]\n",
      " [0.01327838 0.12870961 0.58766676 0.27034524]\n",
      " [0.05377915 0.77935571 0.16163257 0.00523257]\n",
      " [0.00518763 0.02118824 0.39775795 0.57586617]\n",
      " [0.04516373 0.70759295 0.2339974  0.01324592]\n",
      " [0.01679473 0.10374138 0.59960635 0.27985754]\n",
      " [0.03665431 0.54965925 0.37025205 0.04343438]\n",
      " [0.04407808 0.52866048 0.38700211 0.04025933]\n",
      " [0.01022099 0.06096444 0.5995153  0.32929928]\n",
      " [0.04417537 0.54935056 0.37749403 0.02898004]\n",
      " [0.03597652 0.60524365 0.33784593 0.0209339 ]\n",
      " [0.04529877 0.69034736 0.25117887 0.013175  ]\n",
      " [0.05336008 0.76576958 0.17029872 0.01057162]\n",
      " [0.03042832 0.68633068 0.26901825 0.01422274]\n",
      " [0.02277801 0.1277259  0.56632614 0.28316995]\n",
      " [0.03068297 0.20090916 0.61870743 0.14970044]\n",
      " [0.02717915 0.15912095 0.57249364 0.24120627]\n",
      " [0.06899676 0.73659501 0.1868686  0.00753963]\n",
      " [0.03380764 0.37336012 0.52092762 0.07190462]\n",
      " [0.03469218 0.27735805 0.58025371 0.10769607]\n",
      " [0.02547594 0.13463788 0.62625913 0.21362704]\n",
      " [0.03904883 0.6558728  0.28647563 0.01860274]\n",
      " [0.04456299 0.78304269 0.16589618 0.00649814]\n",
      " [0.00940771 0.03526901 0.52608098 0.4292423 ]\n",
      " [0.03979264 0.63123522 0.30676306 0.02220909]\n",
      " [0.01660344 0.11813592 0.54431316 0.32094748]\n",
      " [0.04358822 0.62608964 0.30306015 0.027262  ]\n",
      " [0.02345666 0.40293538 0.49700724 0.07660072]\n",
      " [0.04675075 0.63847352 0.29309571 0.02168001]\n",
      " [0.01932263 0.16647055 0.58484503 0.22936178]\n",
      " [0.03192184 0.34727535 0.51336593 0.10743688]\n",
      " [0.03265158 0.53089267 0.39803639 0.03841936]\n",
      " [0.04365371 0.62007884 0.31265692 0.02361053]\n",
      " [0.02925842 0.32923847 0.5366617  0.10484141]\n",
      " [0.02561458 0.2039655  0.57939578 0.19102414]\n",
      " [0.03734793 0.57733896 0.35072733 0.03458578]\n",
      " [0.05129886 0.68363387 0.25099    0.01407728]\n",
      " [0.03060955 0.26516013 0.60043331 0.10379702]\n",
      " [0.0375518  0.41502038 0.4811071  0.06632072]\n",
      " [0.03815274 0.5322952  0.38615522 0.04339684]\n",
      " [0.04290214 0.55712387 0.3664811  0.03349288]\n",
      " [0.02526245 0.3358399  0.52489311 0.11400454]\n",
      " [0.05520424 0.57425769 0.33195298 0.03858509]\n",
      " [0.0173908  0.21957627 0.59768214 0.16535078]\n",
      " [0.04183235 0.77983098 0.17095598 0.00738068]\n",
      " [0.0707065  0.42170832 0.45073412 0.05685107]\n",
      " [0.01077494 0.0581436  0.56054468 0.37053678]\n",
      " [0.02024443 0.16199315 0.62627069 0.19149173]\n",
      " [0.01172367 0.06765712 0.53242725 0.38819196]\n",
      " [0.02470881 0.20283166 0.5848146  0.18764493]\n",
      " [0.04049028 0.50663009 0.41147345 0.04140618]\n",
      " [0.08328132 0.73493836 0.17383088 0.00794944]\n",
      " [0.02206135 0.1991807  0.57882796 0.19992999]\n",
      " [0.01290394 0.08000744 0.56291823 0.34417038]\n",
      " [0.00701415 0.02635039 0.4586087  0.50802675]\n",
      " [0.05943603 0.4986969  0.40391811 0.03794896]\n",
      " [0.02768566 0.64528585 0.30606626 0.02096223]\n",
      " [0.03117712 0.66342922 0.28709956 0.0182941 ]\n",
      " [0.02914236 0.24630026 0.5864804  0.13807698]\n",
      " [0.04414602 0.77757011 0.17252803 0.00575583]\n",
      " [0.01914923 0.19508671 0.57174613 0.21401793]\n",
      " [0.04890875 0.60758065 0.31720065 0.02630995]\n",
      " [0.0521083  0.82260835 0.12144441 0.00383895]\n",
      " [0.04094854 0.40095615 0.49672006 0.06137525]\n",
      " [0.0693292  0.78423288 0.14160774 0.00483018]\n",
      " [0.03584645 0.56725605 0.36284338 0.03405412]\n",
      " [0.03811422 0.521442   0.40325875 0.03718502]\n",
      " [0.03585137 0.34077395 0.53234698 0.0910277 ]\n",
      " [0.0489795  0.87904265 0.0707589  0.00121894]\n",
      " [0.03391569 0.22949889 0.55556167 0.18102376]\n",
      " [0.02913776 0.27096633 0.54014379 0.15975212]\n",
      " [0.02126975 0.26284188 0.55971875 0.15616963]\n",
      " [0.0270448  0.24268933 0.56522673 0.16503914]\n",
      " [0.01973132 0.17152348 0.59125731 0.21748789]\n",
      " [0.02934055 0.74766117 0.21157611 0.01142217]\n",
      " [0.04418334 0.25517601 0.57821068 0.12242997]\n",
      " [0.03266701 0.63974855 0.30463564 0.0229488 ]\n",
      " [0.00566864 0.0260132  0.42940449 0.53891368]\n",
      " [0.02368265 0.20492585 0.57329747 0.19809403]\n",
      " [0.04051987 0.53665854 0.37596585 0.04685574]\n",
      " [0.04758729 0.49142699 0.41072822 0.0502575 ]\n",
      " [0.02941588 0.19095091 0.52964159 0.24999161]\n",
      " [0.03987276 0.45206401 0.44649423 0.061569  ]\n",
      " [0.02489125 0.31444866 0.5416433  0.11901679]\n",
      " [0.01585722 0.11030273 0.54608159 0.32775845]\n",
      " [0.036435   0.35586176 0.50232852 0.10537471]\n",
      " [0.03532747 0.60753347 0.31970806 0.03743101]\n",
      " [0.01168876 0.05834021 0.51903957 0.41093146]\n",
      " [0.02557992 0.2683664  0.55694742 0.14910626]\n",
      " [0.0682301  0.42643395 0.45208242 0.05325353]\n",
      " [0.05386243 0.69835391 0.23573534 0.01204831]\n",
      " [0.05410779 0.69336805 0.24062974 0.01189443]\n",
      " [0.02569116 0.26045491 0.57423648 0.13961746]\n",
      " [0.03667899 0.66850927 0.27737048 0.01744126]\n",
      " [0.03959934 0.41916193 0.47497133 0.0662674 ]\n",
      " [0.0557815  0.60667553 0.31216396 0.02537901]\n",
      " [0.04845993 0.47728657 0.43042532 0.04382818]\n",
      " [0.03652032 0.64035666 0.30196513 0.02115789]\n",
      " [0.03460382 0.32144404 0.51796769 0.12598445]\n",
      " [0.01931683 0.1311871  0.57957758 0.2699185 ]\n",
      " [0.03210365 0.37356127 0.50738086 0.08695422]\n",
      " [0.07111716 0.60717039 0.29712629 0.02458616]\n",
      " [0.03333415 0.58605986 0.35209982 0.02850617]\n",
      " [0.0280579  0.20602625 0.55729221 0.20862364]\n",
      " [0.0239117  0.17609319 0.60214557 0.19784954]\n",
      " [0.00502902 0.03657085 0.48963883 0.4687613 ]\n",
      " [0.01309801 0.13007733 0.61098769 0.24583698]\n",
      " [0.01011173 0.08550314 0.6023763  0.30200884]\n",
      " [0.06690731 0.79964373 0.1295292  0.00391977]\n",
      " [0.05308326 0.6009052  0.32166185 0.0243497 ]\n",
      " [0.02226964 0.08482053 0.59314625 0.29976358]\n",
      " [0.04873926 0.27376525 0.55562052 0.12187496]\n",
      " [0.00378941 0.01049838 0.30209202 0.6836202 ]\n",
      " [0.01139944 0.04548633 0.53065168 0.41246256]\n",
      " [0.02783567 0.19000518 0.58685977 0.19529938]\n",
      " [0.04784494 0.49843361 0.41148093 0.04224052]\n",
      " [0.0020685  0.0049315  0.23358284 0.75941717]\n",
      " [0.01710747 0.10650139 0.55606589 0.32032525]\n",
      " [0.03674024 0.37247488 0.48027384 0.11051104]\n",
      " [0.04826986 0.65697206 0.27718764 0.01757044]\n",
      " [0.04758635 0.69861481 0.2414111  0.01238775]\n",
      " [0.06625807 0.73247265 0.19113501 0.01013427]\n",
      " [0.02447092 0.13015347 0.53115443 0.31422118]\n",
      " [0.0050506  0.01429214 0.41894969 0.56170757]\n",
      " [0.04423812 0.66570553 0.27607296 0.01398338]\n",
      " [0.03625491 0.44887308 0.4650377  0.04983431]\n",
      " [0.03425753 0.68242707 0.26734025 0.01597515]\n",
      " [0.04450418 0.36115012 0.51054534 0.08380037]\n",
      " [0.03949317 0.27768188 0.55786313 0.12496182]\n",
      " [0.01373962 0.10701976 0.56132113 0.31791949]\n",
      " [0.03533112 0.58332062 0.35328924 0.02805903]\n",
      " [0.05385996 0.1925283  0.5819089  0.17170284]\n",
      " [0.03779209 0.4512382  0.46255623 0.04841348]\n",
      " [0.03908612 0.32237473 0.54977961 0.08875954]\n",
      " [0.05802549 0.63382141 0.28865767 0.01949543]\n",
      " [0.05065568 0.7131104  0.22521063 0.01102329]\n",
      " [0.04498291 0.65759032 0.28117432 0.01625245]\n",
      " [0.02755192 0.40013555 0.49962858 0.07268395]\n",
      " [0.03059944 0.33182077 0.54867277 0.08890702]\n",
      " [0.03728283 0.60789744 0.33175646 0.02306326]\n",
      " [0.05544815 0.73559563 0.19916165 0.00979456]\n",
      " [0.0405526  0.70962559 0.23337573 0.01644609]\n",
      " [0.04036257 0.53356835 0.39219873 0.03387035]\n",
      " [0.04253983 0.49867883 0.42226353 0.03651782]\n",
      " [0.0429797  0.64887624 0.28838306 0.019761  ]\n",
      " [0.03954737 0.68275447 0.26159457 0.01610359]\n",
      " [0.03023368 0.48022493 0.43975448 0.04978691]\n",
      " [0.02603177 0.38371991 0.4973198  0.09292852]\n",
      " [0.01505037 0.09589065 0.55137038 0.33768861]\n",
      " [0.08511572 0.40469857 0.4494021  0.06078361]\n",
      " [0.05804814 0.73261    0.19932806 0.0100138 ]\n",
      " [0.04931351 0.45575975 0.44937317 0.04555357]\n",
      " [0.00505724 0.03607463 0.47002928 0.48883884]\n",
      " [0.0517477  0.54783659 0.36911938 0.03129633]\n",
      " [0.04701555 0.54789085 0.37544862 0.02964499]\n",
      " [0.02986149 0.22147579 0.5432194  0.20544332]\n",
      " [0.01996163 0.17389016 0.5720744  0.23407381]\n",
      " [0.03687169 0.54736004 0.37945031 0.03631795]\n",
      " [0.03237204 0.38278052 0.48970705 0.09514039]\n",
      " [0.04378921 0.66062395 0.27973191 0.01585493]\n",
      " [0.03370533 0.66231945 0.28422538 0.01974984]\n",
      " [0.04076746 0.25005846 0.58737627 0.12179781]\n",
      " [0.02408123 0.21591115 0.61875284 0.14125478]\n",
      " [0.03243823 0.50618749 0.41106257 0.05031171]\n",
      " [0.01039019 0.08381555 0.55720324 0.34859102]\n",
      " [0.05547673 0.45004491 0.44113519 0.05334317]\n",
      " [0.03767667 0.54589492 0.3753814  0.04104701]\n",
      " [0.05441357 0.69893058 0.2310042  0.01565165]\n",
      " [0.01735499 0.13094961 0.57280996 0.27888544]\n",
      " [0.04166212 0.60034042 0.33591922 0.02207824]\n",
      " [0.02639814 0.22667892 0.58250919 0.16441375]\n",
      " [0.02172213 0.10750547 0.57202787 0.29874453]\n",
      " [0.03145081 0.67180454 0.27936479 0.01737986]\n",
      " [0.04580852 0.62452795 0.30515234 0.02451119]\n",
      " [0.03228364 0.28945531 0.53637644 0.14188461]\n",
      " [0.10708038 0.36161341 0.4177861  0.11352011]\n",
      " [0.03055961 0.26547919 0.52852376 0.17543744]\n",
      " [0.04062263 0.60641579 0.3248496  0.02811197]\n",
      " [0.01355248 0.05699798 0.51313872 0.41631082]\n",
      " [0.05328396 0.73156815 0.20490996 0.01023793]\n",
      " [0.04376002 0.62165588 0.3090797  0.0255044 ]\n",
      " [0.01234639 0.07316513 0.53691105 0.37757744]\n",
      " [0.03926927 0.49374943 0.41713878 0.04984253]\n",
      " [0.03483561 0.74570883 0.20990857 0.00954698]\n",
      " [0.01051612 0.04644435 0.47844724 0.46459229]\n",
      " [0.04714113 0.65196303 0.28036584 0.02053   ]\n",
      " [0.05254865 0.71764269 0.21812726 0.0116814 ]\n",
      " [0.01906143 0.18614733 0.63884567 0.15594557]\n",
      " [0.02892748 0.24588426 0.58186701 0.14332125]\n",
      " [0.02340558 0.22639238 0.57790646 0.17229558]\n",
      " [0.01665746 0.0919504  0.54451687 0.34687527]\n",
      " [0.03526391 0.3458957  0.5321128  0.08672759]\n",
      " [0.04453859 0.67185046 0.2670597  0.01655124]\n",
      " [0.02202212 0.13246374 0.60505412 0.24046001]\n",
      " [0.02503442 0.12452222 0.5275187  0.32292466]\n",
      " [0.04397871 0.66950478 0.27253971 0.0139768 ]\n",
      " [0.03845266 0.6844584  0.2575197  0.01956924]\n",
      " [0.01037519 0.04554296 0.44205053 0.50203131]\n",
      " [0.03807197 0.58909557 0.33742101 0.03541145]]\n"
     ]
    }
   ],
   "source": [
    "# visualiza a predição das probabilidades de y\n",
    "print(y_pred_proba)"
   ]
  },
  {
   "cell_type": "code",
   "execution_count": 52,
   "metadata": {},
   "outputs": [],
   "source": [
    "# transforma array em dataframe\n",
    "dfproba = pd.DataFrame(y_pred_proba)"
   ]
  },
  {
   "cell_type": "code",
   "execution_count": 53,
   "metadata": {},
   "outputs": [],
   "source": [
    "# renomeia as colunas\n",
    "dfproba.columns = ['c4', 'c5', 'c6', 'c7']"
   ]
  },
  {
   "cell_type": "code",
   "execution_count": 54,
   "metadata": {},
   "outputs": [],
   "source": [
    "# arredonda os resultados com duas casas decimai\n",
    "dfproba = round(dfproba*100, 2)"
   ]
  },
  {
   "cell_type": "code",
   "execution_count": 55,
   "metadata": {},
   "outputs": [],
   "source": [
    "# soma o total de percentuais para checar se fecha em 100%\n",
    "dfproba['soma_perc'] = dfproba.c4 + dfproba.c5 + dfproba.c6 + dfproba.c7"
   ]
  },
  {
   "cell_type": "code",
   "execution_count": 56,
   "metadata": {},
   "outputs": [
    {
     "data": {
      "text/html": [
       "<div>\n",
       "<style scoped>\n",
       "    .dataframe tbody tr th:only-of-type {\n",
       "        vertical-align: middle;\n",
       "    }\n",
       "\n",
       "    .dataframe tbody tr th {\n",
       "        vertical-align: top;\n",
       "    }\n",
       "\n",
       "    .dataframe thead th {\n",
       "        text-align: right;\n",
       "    }\n",
       "</style>\n",
       "<table border=\"1\" class=\"dataframe\">\n",
       "  <thead>\n",
       "    <tr style=\"text-align: right;\">\n",
       "      <th></th>\n",
       "      <th>c4</th>\n",
       "      <th>c5</th>\n",
       "      <th>c6</th>\n",
       "      <th>c7</th>\n",
       "      <th>soma_perc</th>\n",
       "    </tr>\n",
       "  </thead>\n",
       "  <tbody>\n",
       "    <tr>\n",
       "      <th>0</th>\n",
       "      <td>3.75</td>\n",
       "      <td>21.62</td>\n",
       "      <td>59.35</td>\n",
       "      <td>15.29</td>\n",
