{
 "cells": [
  {
   "cell_type": "markdown",
   "metadata": {},
   "source": [
    "## Separa os dados de treino e teste, treina o modelo e faz a classificação predict_proba"
   ]
  },
  {
   "cell_type": "code",
   "execution_count": 116,
   "metadata": {},
   "outputs": [],
   "source": [
    "# importa bibliotecas\n",
    "import pandas as pd\n",
    "from sklearn import metrics\n",
    "from sklearn.linear_model import LogisticRegression\n",
    "from sklearn.model_selection import train_test_split\n",
    "\n",
    "pd.set_option('display.max_rows', None) # permite exibição de todas as linhas\n",
    "pd.set_option('display.max_columns', None) # permite exibição de todas as colunas\n",
    "import warnings\n",
    "warnings.simplefilter('ignore') # desativa avisos de warning"
   ]
  },
  {
   "cell_type": "code",
   "execution_count": 117,
   "metadata": {},
   "outputs": [],
   "source": [
    "# carrega arquivos limpos e tratados\n",
    "dfx = pd.read_csv('arquivos_tratados/df_winequality-red.csv')"
   ]
  },
  {
   "cell_type": "code",
   "execution_count": 118,
   "metadata": {},
   "outputs": [
    {
     "data": {
      "text/html": [
       "<div>\n",
       "<style scoped>\n",
       "    .dataframe tbody tr th:only-of-type {\n",
       "        vertical-align: middle;\n",
       "    }\n",
       "\n",
       "    .dataframe tbody tr th {\n",
       "        vertical-align: top;\n",
       "    }\n",
       "\n",
       "    .dataframe thead th {\n",
       "        text-align: right;\n",
       "    }\n",
       "</style>\n",
       "<table border=\"1\" class=\"dataframe\">\n",
       "  <thead>\n",
       "    <tr style=\"text-align: right;\">\n",
       "      <th></th>\n",
       "      <th>volatile acidity</th>\n",
       "      <th>citric acid</th>\n",
       "      <th>density</th>\n",
       "      <th>sulphates</th>\n",
       "      <th>alcohol</th>\n",
       "      <th>quality</th>\n",
       "    </tr>\n",
       "  </thead>\n",
       "  <tbody>\n",
       "    <tr>\n",
       "      <th>0</th>\n",
       "      <td>0.70</td>\n",
       "      <td>0.00</td>\n",
       "      <td>0.9978</td>\n",
       "      <td>0.56</td>\n",
       "      <td>9.4</td>\n",
       "      <td>5.0</td>\n",
       "    </tr>\n",
       "    <tr>\n",
       "      <th>1</th>\n",
       "      <td>0.88</td>\n",
       "      <td>0.00</td>\n",
       "      <td>0.9968</td>\n",
       "      <td>0.68</td>\n",
       "      <td>9.8</td>\n",
       "      <td>5.0</td>\n",
       "    </tr>\n",
       "    <tr>\n",
       "      <th>2</th>\n",
       "      <td>0.76</td>\n",
       "      <td>0.04</td>\n",
       "      <td>0.9970</td>\n",
       "      <td>0.65</td>\n",
       "      <td>9.8</td>\n",
       "      <td>5.0</td>\n",
       "    </tr>\n",
       "  </tbody>\n",
       "</table>\n",
       "</div>"
      ],
      "text/plain": [
       "   volatile acidity  citric acid  density  sulphates  alcohol  quality\n",
       "0              0.70         0.00   0.9978       0.56      9.4      5.0\n",
       "1              0.88         0.00   0.9968       0.68      9.8      5.0\n",
       "2              0.76         0.04   0.9970       0.65      9.8      5.0"
      ]
     },
     "execution_count": 118,
     "metadata": {},
     "output_type": "execute_result"
    }
   ],
   "source": [
    "# verifica primeiras linhas\n",
    "dfx.head(3)"
   ]
  },
  {
   "cell_type": "code",
   "execution_count": 119,
   "metadata": {},
   "outputs": [
    {
     "data": {
      "text/plain": [
       "quality\n",
       "6.0    365\n",
       "5.0    347\n",
       "7.0     93\n",
       "4.0     28\n",
       "Name: count, dtype: int64"
      ]
     },
     "execution_count": 119,
     "metadata": {},
     "output_type": "execute_result"
    }
   ],
   "source": [
    "# verifica os códigos de quality\n",
    "dfx['quality'].value_counts()"
   ]
  },
  {
   "cell_type": "code",
   "execution_count": 120,
   "metadata": {},
   "outputs": [],
   "source": [
    "# separa variáveis independentes e dependentes\n",
    "X = dfx[['volatile acidity', 'citric acid', 'density', 'sulphates', 'alcohol']]\n",
    "y = dfx[['quality']]"
   ]
  },
  {
   "cell_type": "code",
   "execution_count": 121,
   "metadata": {},
   "outputs": [],
   "source": [
    "# separa os sets de treino e teste\n",
    "X_train, X_test, y_train, y_test = train_test_split(X, y, test_size=0.20, random_state=42)"
   ]
  },
  {
   "cell_type": "code",
   "execution_count": 122,
   "metadata": {},
   "outputs": [
    {
     "name": "stdout",
     "output_type": "stream",
     "text": [
      "(666, 5)\n",
      "(666, 1)\n",
      "(167, 5)\n",
      "(167, 1)\n"
     ]
    }
   ],
   "source": [
    "# verifica o tamanho de cada set resultante do split\n",
    "print(X_train.shape)\n",
    "print(y_train.shape)\n",
    "print(X_test.shape)\n",
    "print(y_test.shape)"
   ]
  },
  {
   "cell_type": "code",
   "execution_count": 123,
   "metadata": {},
   "outputs": [
    {
     "data": {
      "text/html": [
       "<style>#sk-container-id-7 {\n",
       "  /* Definition of color scheme common for light and dark mode */\n",
       "  --sklearn-color-text: black;\n",
       "  --sklearn-color-line: gray;\n",
       "  /* Definition of color scheme for unfitted estimators */\n",
       "  --sklearn-color-unfitted-level-0: #fff5e6;\n",
       "  --sklearn-color-unfitted-level-1: #f6e4d2;\n",
       "  --sklearn-color-unfitted-level-2: #ffe0b3;\n",
       "  --sklearn-color-unfitted-level-3: chocolate;\n",
       "  /* Definition of color scheme for fitted estimators */\n",
       "  --sklearn-color-fitted-level-0: #f0f8ff;\n",
       "  --sklearn-color-fitted-level-1: #d4ebff;\n",
       "  --sklearn-color-fitted-level-2: #b3dbfd;\n",
       "  --sklearn-color-fitted-level-3: cornflowerblue;\n",
       "\n",
       "  /* Specific color for light theme */\n",
       "  --sklearn-color-text-on-default-background: var(--sg-text-color, var(--theme-code-foreground, var(--jp-content-font-color1, black)));\n",
       "  --sklearn-color-background: var(--sg-background-color, var(--theme-background, var(--jp-layout-color0, white)));\n",
       "  --sklearn-color-border-box: var(--sg-text-color, var(--theme-code-foreground, var(--jp-content-font-color1, black)));\n",
       "  --sklearn-color-icon: #696969;\n",
       "\n",
       "  @media (prefers-color-scheme: dark) {\n",
       "    /* Redefinition of color scheme for dark theme */\n",
       "    --sklearn-color-text-on-default-background: var(--sg-text-color, var(--theme-code-foreground, var(--jp-content-font-color1, white)));\n",
       "    --sklearn-color-background: var(--sg-background-color, var(--theme-background, var(--jp-layout-color0, #111)));\n",
       "    --sklearn-color-border-box: var(--sg-text-color, var(--theme-code-foreground, var(--jp-content-font-color1, white)));\n",
       "    --sklearn-color-icon: #878787;\n",
       "  }\n",
       "}\n",
       "\n",
       "#sk-container-id-7 {\n",
       "  color: var(--sklearn-color-text);\n",
       "}\n",
       "\n",
       "#sk-container-id-7 pre {\n",
       "  padding: 0;\n",
       "}\n",
       "\n",
       "#sk-container-id-7 input.sk-hidden--visually {\n",
       "  border: 0;\n",
       "  clip: rect(1px 1px 1px 1px);\n",
       "  clip: rect(1px, 1px, 1px, 1px);\n",
       "  height: 1px;\n",
       "  margin: -1px;\n",
       "  overflow: hidden;\n",
       "  padding: 0;\n",
       "  position: absolute;\n",
       "  width: 1px;\n",
       "}\n",
       "\n",
       "#sk-container-id-7 div.sk-dashed-wrapped {\n",
       "  border: 1px dashed var(--sklearn-color-line);\n",
       "  margin: 0 0.4em 0.5em 0.4em;\n",
       "  box-sizing: border-box;\n",
       "  padding-bottom: 0.4em;\n",
       "  background-color: var(--sklearn-color-background);\n",
       "}\n",
       "\n",
       "#sk-container-id-7 div.sk-container {\n",
       "  /* jupyter's `normalize.less` sets `[hidden] { display: none; }`\n",
       "     but bootstrap.min.css set `[hidden] { display: none !important; }`\n",
       "     so we also need the `!important` here to be able to override the\n",
       "     default hidden behavior on the sphinx rendered scikit-learn.org.\n",
       "     See: https://github.com/scikit-learn/scikit-learn/issues/21755 */\n",
       "  display: inline-block !important;\n",
       "  position: relative;\n",
       "}\n",
       "\n",
       "#sk-container-id-7 div.sk-text-repr-fallback {\n",
       "  display: none;\n",
       "}\n",
       "\n",
       "div.sk-parallel-item,\n",
       "div.sk-serial,\n",
       "div.sk-item {\n",
       "  /* draw centered vertical line to link estimators */\n",
       "  background-image: linear-gradient(var(--sklearn-color-text-on-default-background), var(--sklearn-color-text-on-default-background));\n",
       "  background-size: 2px 100%;\n",
       "  background-repeat: no-repeat;\n",
       "  background-position: center center;\n",
       "}\n",
       "\n",
       "/* Parallel-specific style estimator block */\n",
       "\n",
       "#sk-container-id-7 div.sk-parallel-item::after {\n",
       "  content: \"\";\n",
       "  width: 100%;\n",
       "  border-bottom: 2px solid var(--sklearn-color-text-on-default-background);\n",
       "  flex-grow: 1;\n",
       "}\n",
       "\n",
       "#sk-container-id-7 div.sk-parallel {\n",
       "  display: flex;\n",
       "  align-items: stretch;\n",
       "  justify-content: center;\n",
       "  background-color: var(--sklearn-color-background);\n",
       "  position: relative;\n",
       "}\n",
       "\n",
       "#sk-container-id-7 div.sk-parallel-item {\n",
       "  display: flex;\n",
       "  flex-direction: column;\n",
       "}\n",
       "\n",
       "#sk-container-id-7 div.sk-parallel-item:first-child::after {\n",
       "  align-self: flex-end;\n",
       "  width: 50%;\n",
       "}\n",
       "\n",
       "#sk-container-id-7 div.sk-parallel-item:last-child::after {\n",
       "  align-self: flex-start;\n",
       "  width: 50%;\n",
       "}\n",
       "\n",
       "#sk-container-id-7 div.sk-parallel-item:only-child::after {\n",
       "  width: 0;\n",
       "}\n",
       "\n",
       "/* Serial-specific style estimator block */\n",
       "\n",
       "#sk-container-id-7 div.sk-serial {\n",
       "  display: flex;\n",
       "  flex-direction: column;\n",
       "  align-items: center;\n",
       "  background-color: var(--sklearn-color-background);\n",
       "  padding-right: 1em;\n",
       "  padding-left: 1em;\n",
       "}\n",
       "\n",
       "\n",
       "/* Toggleable style: style used for estimator/Pipeline/ColumnTransformer box that is\n",
       "clickable and can be expanded/collapsed.\n",
       "- Pipeline and ColumnTransformer use this feature and define the default style\n",
       "- Estimators will overwrite some part of the style using the `sk-estimator` class\n",
       "*/\n",
       "\n",
       "/* Pipeline and ColumnTransformer style (default) */\n",
       "\n",
       "#sk-container-id-7 div.sk-toggleable {\n",
       "  /* Default theme specific background. It is overwritten whether we have a\n",
       "  specific estimator or a Pipeline/ColumnTransformer */\n",
       "  background-color: var(--sklearn-color-background);\n",
       "}\n",
       "\n",
       "/* Toggleable label */\n",
       "#sk-container-id-7 label.sk-toggleable__label {\n",
       "  cursor: pointer;\n",
       "  display: block;\n",
       "  width: 100%;\n",
       "  margin-bottom: 0;\n",
       "  padding: 0.5em;\n",
       "  box-sizing: border-box;\n",
       "  text-align: center;\n",
       "}\n",
       "\n",
       "#sk-container-id-7 label.sk-toggleable__label-arrow:before {\n",
       "  /* Arrow on the left of the label */\n",
       "  content: \"▸\";\n",
       "  float: left;\n",
       "  margin-right: 0.25em;\n",
       "  color: var(--sklearn-color-icon);\n",
       "}\n",
       "\n",
       "#sk-container-id-7 label.sk-toggleable__label-arrow:hover:before {\n",
       "  color: var(--sklearn-color-text);\n",
       "}\n",
       "\n",
       "/* Toggleable content - dropdown */\n",
       "\n",
       "#sk-container-id-7 div.sk-toggleable__content {\n",
       "  max-height: 0;\n",
       "  max-width: 0;\n",
       "  overflow: hidden;\n",
       "  text-align: left;\n",
       "  /* unfitted */\n",
       "  background-color: var(--sklearn-color-unfitted-level-0);\n",
       "}\n",
       "\n",
       "#sk-container-id-7 div.sk-toggleable__content.fitted {\n",
       "  /* fitted */\n",
       "  background-color: var(--sklearn-color-fitted-level-0);\n",
       "}\n",
       "\n",
       "#sk-container-id-7 div.sk-toggleable__content pre {\n",
       "  margin: 0.2em;\n",
       "  border-radius: 0.25em;\n",
       "  color: var(--sklearn-color-text);\n",
       "  /* unfitted */\n",
       "  background-color: var(--sklearn-color-unfitted-level-0);\n",
       "}\n",
       "\n",
       "#sk-container-id-7 div.sk-toggleable__content.fitted pre {\n",
       "  /* unfitted */\n",
       "  background-color: var(--sklearn-color-fitted-level-0);\n",
       "}\n",
       "\n",
       "#sk-container-id-7 input.sk-toggleable__control:checked~div.sk-toggleable__content {\n",
       "  /* Expand drop-down */\n",
       "  max-height: 200px;\n",
       "  max-width: 100%;\n",
       "  overflow: auto;\n",
       "}\n",
       "\n",
       "#sk-container-id-7 input.sk-toggleable__control:checked~label.sk-toggleable__label-arrow:before {\n",
       "  content: \"▾\";\n",
       "}\n",
       "\n",
       "/* Pipeline/ColumnTransformer-specific style */\n",
       "\n",
       "#sk-container-id-7 div.sk-label input.sk-toggleable__control:checked~label.sk-toggleable__label {\n",
       "  color: var(--sklearn-color-text);\n",
       "  background-color: var(--sklearn-color-unfitted-level-2);\n",
       "}\n",
       "\n",
       "#sk-container-id-7 div.sk-label.fitted input.sk-toggleable__control:checked~label.sk-toggleable__label {\n",
       "  background-color: var(--sklearn-color-fitted-level-2);\n",
       "}\n",
       "\n",
       "/* Estimator-specific style */\n",
       "\n",
       "/* Colorize estimator box */\n",
       "#sk-container-id-7 div.sk-estimator input.sk-toggleable__control:checked~label.sk-toggleable__label {\n",
       "  /* unfitted */\n",
       "  background-color: var(--sklearn-color-unfitted-level-2);\n",
       "}\n",
       "\n",
       "#sk-container-id-7 div.sk-estimator.fitted input.sk-toggleable__control:checked~label.sk-toggleable__label {\n",
       "  /* fitted */\n",
       "  background-color: var(--sklearn-color-fitted-level-2);\n",
       "}\n",
       "\n",
       "#sk-container-id-7 div.sk-label label.sk-toggleable__label,\n",
       "#sk-container-id-7 div.sk-label label {\n",
       "  /* The background is the default theme color */\n",
       "  color: var(--sklearn-color-text-on-default-background);\n",
       "}\n",
       "\n",
       "/* On hover, darken the color of the background */\n",
       "#sk-container-id-7 div.sk-label:hover label.sk-toggleable__label {\n",
       "  color: var(--sklearn-color-text);\n",
       "  background-color: var(--sklearn-color-unfitted-level-2);\n",
       "}\n",
       "\n",
       "/* Label box, darken color on hover, fitted */\n",
       "#sk-container-id-7 div.sk-label.fitted:hover label.sk-toggleable__label.fitted {\n",
       "  color: var(--sklearn-color-text);\n",
       "  background-color: var(--sklearn-color-fitted-level-2);\n",
       "}\n",
       "\n",
       "/* Estimator label */\n",
       "\n",
       "#sk-container-id-7 div.sk-label label {\n",
       "  font-family: monospace;\n",
       "  font-weight: bold;\n",
       "  display: inline-block;\n",
       "  line-height: 1.2em;\n",
       "}\n",
       "\n",
       "#sk-container-id-7 div.sk-label-container {\n",
       "  text-align: center;\n",
       "}\n",
       "\n",
       "/* Estimator-specific */\n",
       "#sk-container-id-7 div.sk-estimator {\n",
       "  font-family: monospace;\n",
       "  border: 1px dotted var(--sklearn-color-border-box);\n",
       "  border-radius: 0.25em;\n",
       "  box-sizing: border-box;\n",
       "  margin-bottom: 0.5em;\n",
       "  /* unfitted */\n",
       "  background-color: var(--sklearn-color-unfitted-level-0);\n",
       "}\n",
       "\n",
       "#sk-container-id-7 div.sk-estimator.fitted {\n",
       "  /* fitted */\n",
       "  background-color: var(--sklearn-color-fitted-level-0);\n",
       "}\n",
       "\n",
       "/* on hover */\n",
       "#sk-container-id-7 div.sk-estimator:hover {\n",
       "  /* unfitted */\n",
       "  background-color: var(--sklearn-color-unfitted-level-2);\n",
       "}\n",
       "\n",
       "#sk-container-id-7 div.sk-estimator.fitted:hover {\n",
       "  /* fitted */\n",
       "  background-color: var(--sklearn-color-fitted-level-2);\n",
       "}\n",
       "\n",
       "/* Specification for estimator info (e.g. \"i\" and \"?\") */\n",
       "\n",
       "/* Common style for \"i\" and \"?\" */\n",
       "\n",
       ".sk-estimator-doc-link,\n",
       "a:link.sk-estimator-doc-link,\n",
       "a:visited.sk-estimator-doc-link {\n",
       "  float: right;\n",
       "  font-size: smaller;\n",
       "  line-height: 1em;\n",
       "  font-family: monospace;\n",
       "  background-color: var(--sklearn-color-background);\n",
       "  border-radius: 1em;\n",
       "  height: 1em;\n",
       "  width: 1em;\n",
       "  text-decoration: none !important;\n",
       "  margin-left: 1ex;\n",
       "  /* unfitted */\n",
       "  border: var(--sklearn-color-unfitted-level-1) 1pt solid;\n",
       "  color: var(--sklearn-color-unfitted-level-1);\n",
       "}\n",
       "\n",
       ".sk-estimator-doc-link.fitted,\n",
       "a:link.sk-estimator-doc-link.fitted,\n",
       "a:visited.sk-estimator-doc-link.fitted {\n",
       "  /* fitted */\n",
       "  border: var(--sklearn-color-fitted-level-1) 1pt solid;\n",
       "  color: var(--sklearn-color-fitted-level-1);\n",
       "}\n",
       "\n",
       "/* On hover */\n",
       "div.sk-estimator:hover .sk-estimator-doc-link:hover,\n",
       ".sk-estimator-doc-link:hover,\n",
       "div.sk-label-container:hover .sk-estimator-doc-link:hover,\n",
       ".sk-estimator-doc-link:hover {\n",
       "  /* unfitted */\n",
       "  background-color: var(--sklearn-color-unfitted-level-3);\n",
       "  color: var(--sklearn-color-background);\n",
       "  text-decoration: none;\n",
       "}\n",
       "\n",
       "div.sk-estimator.fitted:hover .sk-estimator-doc-link.fitted:hover,\n",
       ".sk-estimator-doc-link.fitted:hover,\n",
       "div.sk-label-container:hover .sk-estimator-doc-link.fitted:hover,\n",
       ".sk-estimator-doc-link.fitted:hover {\n",
       "  /* fitted */\n",
       "  background-color: var(--sklearn-color-fitted-level-3);\n",
       "  color: var(--sklearn-color-background);\n",
       "  text-decoration: none;\n",
       "}\n",
       "\n",
       "/* Span, style for the box shown on hovering the info icon */\n",
       ".sk-estimator-doc-link span {\n",
       "  display: none;\n",
       "  z-index: 9999;\n",
       "  position: relative;\n",
       "  font-weight: normal;\n",
       "  right: .2ex;\n",
       "  padding: .5ex;\n",
       "  margin: .5ex;\n",
       "  width: min-content;\n",
       "  min-width: 20ex;\n",
       "  max-width: 50ex;\n",
       "  color: var(--sklearn-color-text);\n",
       "  box-shadow: 2pt 2pt 4pt #999;\n",
       "  /* unfitted */\n",
       "  background: var(--sklearn-color-unfitted-level-0);\n",
       "  border: .5pt solid var(--sklearn-color-unfitted-level-3);\n",
       "}\n",
       "\n",
       ".sk-estimator-doc-link.fitted span {\n",
       "  /* fitted */\n",
       "  background: var(--sklearn-color-fitted-level-0);\n",
       "  border: var(--sklearn-color-fitted-level-3);\n",
       "}\n",
       "\n",
       ".sk-estimator-doc-link:hover span {\n",
       "  display: block;\n",
       "}\n",
       "\n",
       "/* \"?\"-specific style due to the `<a>` HTML tag */\n",
       "\n",
       "#sk-container-id-7 a.estimator_doc_link {\n",
       "  float: right;\n",
       "  font-size: 1rem;\n",
       "  line-height: 1em;\n",
       "  font-family: monospace;\n",
       "  background-color: var(--sklearn-color-background);\n",
       "  border-radius: 1rem;\n",
       "  height: 1rem;\n",
       "  width: 1rem;\n",
       "  text-decoration: none;\n",
       "  /* unfitted */\n",
       "  color: var(--sklearn-color-unfitted-level-1);\n",
       "  border: var(--sklearn-color-unfitted-level-1) 1pt solid;\n",
       "}\n",
       "\n",
       "#sk-container-id-7 a.estimator_doc_link.fitted {\n",
       "  /* fitted */\n",
       "  border: var(--sklearn-color-fitted-level-1) 1pt solid;\n",
       "  color: var(--sklearn-color-fitted-level-1);\n",
       "}\n",
       "\n",
       "/* On hover */\n",
       "#sk-container-id-7 a.estimator_doc_link:hover {\n",
       "  /* unfitted */\n",
       "  background-color: var(--sklearn-color-unfitted-level-3);\n",
       "  color: var(--sklearn-color-background);\n",
       "  text-decoration: none;\n",
       "}\n",
       "\n",
       "#sk-container-id-7 a.estimator_doc_link.fitted:hover {\n",
       "  /* fitted */\n",
       "  background-color: var(--sklearn-color-fitted-level-3);\n",
       "}\n",
       "</style><div id=\"sk-container-id-7\" class=\"sk-top-container\"><div class=\"sk-text-repr-fallback\"><pre>LogisticRegression(random_state=42)</pre><b>In a Jupyter environment, please rerun this cell to show the HTML representation or trust the notebook. <br />On GitHub, the HTML representation is unable to render, please try loading this page with nbviewer.org.</b></div><div class=\"sk-container\" hidden><div class=\"sk-item\"><div class=\"sk-estimator fitted sk-toggleable\"><input class=\"sk-toggleable__control sk-hidden--visually\" id=\"sk-estimator-id-7\" type=\"checkbox\" checked><label for=\"sk-estimator-id-7\" class=\"sk-toggleable__label fitted sk-toggleable__label-arrow fitted\">&nbsp;&nbsp;LogisticRegression<a class=\"sk-estimator-doc-link fitted\" rel=\"noreferrer\" target=\"_blank\" href=\"https://scikit-learn.org/1.4/modules/generated/sklearn.linear_model.LogisticRegression.html\">?<span>Documentation for LogisticRegression</span></a><span class=\"sk-estimator-doc-link fitted\">i<span>Fitted</span></span></label><div class=\"sk-toggleable__content fitted\"><pre>LogisticRegression(random_state=42)</pre></div> </div></div></div></div>"
      ],
      "text/plain": [
       "LogisticRegression(random_state=42)"
      ]
     },
     "execution_count": 123,
     "metadata": {},
     "output_type": "execute_result"
    }
   ],
   "source": [
    "# treina o modelo\n",
    "clf = LogisticRegression(random_state=42)\n",
    "clf.fit(X_train, y_train)"
   ]
  },
  {
   "cell_type": "code",
   "execution_count": 124,
   "metadata": {},
   "outputs": [],
   "source": [
    "# prediz y com predict e predict_proba\n",
    "y_pred_proba = clf.predict_proba(X_test)\n",
    "y_pred = clf.predict(X_test)"
   ]
  },
  {
   "cell_type": "code",
   "execution_count": 125,
   "metadata": {},
   "outputs": [
    {
     "data": {
      "text/plain": [
       "array([5., 6., 6., 6., 5., 6., 6., 5., 5., 5., 7., 5., 5., 6., 6., 6., 5.,\n",
       "       6., 6., 6., 5., 6., 5., 6., 5., 6., 5., 5., 6., 5., 5., 5., 5., 6.,\n",
       "       6., 5., 5., 6., 5., 6., 5., 5., 5., 5., 6., 5., 6., 6., 6., 6., 6.,\n",
       "       6., 6., 6., 6., 7., 5., 6., 6., 5., 6., 5., 6., 5., 6., 6., 5., 5.,\n",
       "       6., 5., 6., 5., 5., 6., 5., 6., 5., 6., 5., 5., 6., 6., 6., 5., 5.,\n",
       "       6., 6., 6., 5., 5., 6., 6., 5., 6., 5., 6., 5., 6., 6., 5., 6., 6.,\n",
       "       6., 6., 5., 5., 5., 5., 6., 5., 5., 6., 5., 6., 5., 6., 5., 5., 6.,\n",
       "       5., 5., 5., 6., 5., 6., 5., 5., 5., 5., 5., 6., 5., 5., 5., 5., 5.,\n",
       "       5., 6., 6., 5., 5., 6., 6., 6., 6., 6., 6., 5., 6., 7., 5., 5., 5.,\n",
       "       5., 5., 5., 6., 6., 5., 6., 6., 6., 5., 5., 5., 6., 6.])"
      ]
     },
     "execution_count": 125,
     "metadata": {},
     "output_type": "execute_result"
    }
   ],
   "source": [
    "# visualiza a predição de y de X_test\n",
    "y_pred"
   ]
  },
  {
   "cell_type": "code",
   "execution_count": 126,
   "metadata": {},
   "outputs": [
    {
     "data": {
      "text/plain": [
       "array([[ 0,  4,  2,  0],\n",
       "       [ 0, 53, 16,  0],\n",
       "       [ 0, 24, 53,  2],\n",
       "       [ 0,  3,  9,  1]], dtype=int64)"
      ]
     },
     "execution_count": 126,
     "metadata": {},
     "output_type": "execute_result"
    }
   ],
   "source": [
    "# gera a matriz de confusão para análise\n",
    "cnf_matrix = metrics.confusion_matrix(y_test, y_pred)\n",
    "cnf_matrix"
   ]
  },
  {
   "cell_type": "code",
   "execution_count": 127,
   "metadata": {},
   "outputs": [
    {
     "name": "stdout",
     "output_type": "stream",
     "text": [
      "acurácia = 0.6407185628742516\n",
      "precisão = 0.6000392072996863\n",
      "recall   = 0.6407185628742516\n",
      "f1-score   = 0.6113508277562522\n"
     ]
    }
   ],
   "source": [
    "# verifica a acurácia, precisão e recall do resultado\n",
    "print('acurácia =', metrics.accuracy_score(y_test, y_pred))\n",
    "print('precisão =', metrics.precision_score(y_test, y_pred, average='weighted'))\n",
    "print('recall   =', metrics.recall_score(y_test, y_pred, average='weighted'))\n",
    "print('f1-score   =', metrics.f1_score(y_test, y_pred, average='weighted'))"
   ]
  },
  {
   "cell_type": "code",
   "execution_count": 128,
   "metadata": {},
   "outputs": [
    {
     "name": "stdout",
     "output_type": "stream",
     "text": [
      "[[0.03225241 0.59341721 0.35374959 0.0205808 ]\n",
      " [0.02876333 0.23202296 0.60059714 0.13861657]\n",
      " [0.02631348 0.44692586 0.46813387 0.05862678]\n",
      " [0.0112249  0.12700564 0.63490084 0.22686863]\n",
      " [0.04407465 0.64532277 0.2966714  0.01393118]\n",
      " [0.03156358 0.24510351 0.60179828 0.12153463]\n",
      " [0.0129152  0.14867681 0.53803956 0.30036843]\n",
      " [0.03778531 0.51570238 0.41623725 0.03027506]\n",
      " [0.04194505 0.56414385 0.36264209 0.03126902]\n",
      " [0.03700149 0.69976823 0.24593366 0.01729662]\n",
      " [0.00315614 0.02043854 0.40597298 0.57043234]\n",
      " [0.05623715 0.7216331  0.20524194 0.01688781]\n",
      " [0.03680767 0.60954432 0.33759508 0.01605293]\n",
      " [0.02241041 0.27305522 0.54703407 0.15750031]\n",
      " [0.03414431 0.4187798  0.49024553 0.05683036]\n",
      " [0.01818863 0.17934541 0.60585739 0.19660856]\n",
      " [0.04805749 0.61820663 0.29486525 0.03887063]\n",
      " [0.0541318  0.34113107 0.49489969 0.10983745]\n",
      " [0.02761408 0.25192668 0.6210194  0.09943985]\n",
      " [0.01208572 0.11647283 0.52129308 0.35014837]\n",
      " [0.02767438 0.70589922 0.24882612 0.01760028]\n",
      " [0.02276243 0.37147395 0.50774808 0.09801554]\n",
      " [0.08275187 0.60145177 0.28164346 0.0341529 ]\n",
      " [0.02327129 0.36891262 0.52364403 0.08417205]\n",
      " [0.04761008 0.4570992  0.44763598 0.04765475]\n",
      " [0.00912457 0.0784007  0.5500523  0.36242243]\n",
      " [0.03163995 0.6760791  0.27423266 0.01804829]\n",
      " [0.06530899 0.78437049 0.14512827 0.00519225]\n",
      " [0.02510329 0.26098801 0.55589814 0.15801056]\n",
      " [0.06090493 0.75397762 0.17829327 0.00682418]\n",
      " [0.05549559 0.66055539 0.2680758  0.01587321]\n",
      " [0.03109063 0.68350935 0.27211843 0.01328159]\n",
      " [0.04969895 0.65795193 0.28053634 0.01181278]\n",
      " [0.02150733 0.27672349 0.57287382 0.12889536]\n",
      " [0.01429177 0.16304289 0.55716962 0.26549572]\n",
      " [0.04334695 0.56552958 0.35418622 0.03693725]\n",
      " [0.02989407 0.64531996 0.30996593 0.01482004]\n",
      " [0.02666456 0.2602676  0.59564079 0.11742705]\n",
      " [0.03959773 0.70009692 0.24908715 0.0112182 ]\n",
      " [0.02498033 0.31988695 0.54801667 0.10711605]\n",
      " [0.02686886 0.47391883 0.45279306 0.04641925]\n",
      " [0.04167147 0.56827832 0.36288956 0.02716065]\n",
      " [0.04202794 0.74292904 0.20397236 0.01107066]\n",
      " [0.04026034 0.7919317  0.16168662 0.00612134]\n",
      " [0.01575441 0.16019846 0.60793367 0.21611347]\n",
      " [0.03809454 0.50665535 0.40866122 0.0465889 ]\n",
      " [0.02940153 0.27234549 0.59548425 0.10276873]\n",
      " [0.00457698 0.04023901 0.52036071 0.4348233 ]\n",
      " [0.05134698 0.30940332 0.53449164 0.10475806]\n",
      " [0.03974529 0.42035858 0.43800277 0.10189337]\n",
      " [0.02871708 0.43691222 0.44804615 0.08632455]\n",
      " [0.01263462 0.14292524 0.57853982 0.26590032]\n",
      " [0.01524467 0.10511212 0.60580792 0.27383529]\n",
      " [0.00690771 0.06974772 0.51767478 0.40566978]\n",
      " [0.02545131 0.19772461 0.6132031  0.16362098]\n",
      " [0.00826813 0.053515   0.46688937 0.4713275 ]\n",
      " [0.04299666 0.54262812 0.38699218 0.02738304]\n",
      " [0.00858417 0.07168413 0.52561177 0.39411993]\n",
      " [0.02682112 0.3228055  0.52942056 0.12095282]\n",
      " [0.04297012 0.65426423 0.28925111 0.01351454]\n",
      " [0.02240405 0.18064402 0.6300125  0.16693943]\n",
      " [0.04605338 0.63907238 0.29842542 0.01644883]\n",
      " [0.0313587  0.21651205 0.60301134 0.14911791]\n",
      " [0.04373648 0.64110787 0.29777037 0.01738527]\n",
      " [0.03323018 0.35959668 0.54053807 0.06663508]\n",
      " [0.01687684 0.10276206 0.54148559 0.33887551]\n",
      " [0.05139278 0.82193928 0.12234401 0.00432393]\n",
      " [0.04972444 0.61201072 0.3185059  0.01975894]\n",
      " [0.01986622 0.23352208 0.53592352 0.21068818]\n",
      " [0.05958194 0.4800856  0.41191395 0.04841851]\n",
      " [0.03728178 0.29095451 0.5777136  0.09405011]\n",
      " [0.0349928  0.72228418 0.22668046 0.01604256]\n",
      " [0.04298505 0.63486354 0.29797206 0.02417935]\n",
      " [0.02735678 0.15231124 0.54773321 0.27259877]\n",
      " [0.05023737 0.60597513 0.32399635 0.01979115]\n",
      " [0.05647044 0.38240639 0.48912918 0.071994  ]\n",
      " [0.03294382 0.57752787 0.35704296 0.03248535]\n",
      " [0.01542474 0.0895142  0.60012356 0.2949375 ]\n",
      " [0.02987269 0.63028125 0.31762908 0.02221698]\n",
      " [0.03097816 0.55734264 0.36066655 0.05101266]\n",
      " [0.03164096 0.20099868 0.62821095 0.13914941]\n",
      " [0.04145613 0.4115119  0.45855237 0.0884796 ]\n",
      " [0.03152991 0.32262899 0.55412478 0.09171632]\n",
      " [0.05891954 0.50879942 0.38081786 0.05146319]\n",
      " [0.04383922 0.67977034 0.26225283 0.01413761]\n",
      " [0.0071079  0.05253722 0.50065956 0.43969532]\n",
      " [0.04229656 0.32904235 0.52889715 0.09976394]\n",
      " [0.00767294 0.03514276 0.49153504 0.46564925]\n",
      " [0.02956806 0.57344252 0.37677138 0.02021804]\n",
      " [0.03795044 0.65775862 0.28584144 0.0184495 ]\n",
      " [0.03897252 0.22337492 0.56917212 0.16848044]\n",
      " [0.06245329 0.41148448 0.46291623 0.063146  ]\n",
      " [0.05158425 0.58858666 0.33309196 0.02673712]\n",
      " [0.03299149 0.34142946 0.55014741 0.07543164]\n",
      " [0.04148369 0.66632755 0.27520942 0.01697934]\n",
      " [0.06281057 0.40104519 0.46892929 0.06721495]\n",
      " [0.08492317 0.51407184 0.35838486 0.04262014]\n",
      " [0.02738358 0.35718696 0.53864298 0.07678648]\n",
      " [0.00895811 0.08697915 0.46542006 0.43864267]\n",
      " [0.04499191 0.72341165 0.22153694 0.0100595 ]\n",
      " [0.03473995 0.2863932  0.57001864 0.10884821]\n",
      " [0.02494576 0.29448882 0.59592208 0.08464334]\n",
      " [0.03337944 0.3354053  0.54040161 0.09081365]\n",
      " [0.02804517 0.36912951 0.51498525 0.08784007]\n",
      " [0.04174843 0.7310125  0.21904038 0.00819869]\n",
      " [0.0572785  0.46268885 0.43415575 0.0458769 ]\n",
      " [0.03249819 0.7790593  0.18206596 0.00637655]\n",
      " [0.03047624 0.64882075 0.29739202 0.02331099]\n",
      " [0.01968766 0.18003517 0.56829126 0.23198591]\n",
      " [0.03809808 0.69054523 0.25663811 0.01471858]\n",
      " [0.05107659 0.74490587 0.19721604 0.00680151]\n",
      " [0.00942725 0.08392682 0.58483448 0.32181146]\n",
      " [0.03083908 0.61239133 0.33116426 0.02560534]\n",
      " [0.02222687 0.25705655 0.5823782  0.13833838]\n",
      " [0.02935221 0.65794505 0.29563719 0.01706554]\n",
      " [0.02400044 0.13381911 0.59876431 0.24341613]\n",
      " [0.0400174  0.69506589 0.25434675 0.01056996]\n",
      " [0.03039606 0.65409802 0.30182632 0.01367961]\n",
      " [0.02773442 0.38352117 0.49659882 0.0921456 ]\n",
      " [0.02743875 0.65053261 0.30354994 0.01847871]\n",
      " [0.0422747  0.69233921 0.25244869 0.0129374 ]\n",
      " [0.02203306 0.58411809 0.3594949  0.03435395]\n",
      " [0.0174338  0.12943749 0.54318542 0.30994329]\n",
      " [0.03190884 0.548001   0.38750837 0.0325818 ]\n",
      " [0.02702599 0.35535328 0.54445293 0.0731678 ]\n",
      " [0.03334137 0.51012239 0.42697269 0.02956356]\n",
      " [0.03983397 0.77933256 0.17318575 0.00764772]\n",
      " [0.04427667 0.63782455 0.29472884 0.02316994]\n",
      " [0.04769406 0.75541992 0.19075911 0.00612692]\n",
      " [0.03580004 0.59604101 0.34388073 0.02427822]\n",
      " [0.00769793 0.09737003 0.51987452 0.37505751]\n",
      " [0.05227216 0.73051687 0.20933531 0.00787566]\n",
      " [0.03569988 0.56936834 0.37470386 0.02022792]\n",
      " [0.04361256 0.6828132  0.26177405 0.01180019]\n",
      " [0.05276072 0.69159444 0.24440735 0.01123748]\n",
      " [0.05252461 0.68046433 0.255547   0.01146407]\n",
      " [0.04150011 0.46326604 0.44850126 0.04673259]\n",
      " [0.0249914  0.4267438  0.46433035 0.08393446]\n",
      " [0.00698061 0.05754093 0.53480765 0.40067082]\n",
      " [0.03307827 0.51376755 0.4111074  0.04204678]\n",
      " [0.04440464 0.71693069 0.22639025 0.01227442]\n",
      " [0.01819956 0.15350787 0.60430501 0.22398756]\n",
      " [0.04016387 0.34439668 0.51064825 0.1047912 ]\n",
      " [0.02375647 0.17406562 0.61116083 0.19101708]\n",
      " [0.02701442 0.45260714 0.47071308 0.04966536]\n",
      " [0.02515205 0.41412683 0.50049635 0.06022477]\n",
      " [0.01160836 0.12976721 0.51741526 0.34120918]\n",
      " [0.04775729 0.57624482 0.35116862 0.02482927]\n",
      " [0.00663355 0.0488283  0.48664915 0.457889  ]\n",
      " [0.00699299 0.04907313 0.46080214 0.48313174]\n",
      " [0.04156132 0.63070075 0.3128443  0.01489364]\n",
      " [0.04474388 0.4587417  0.45267958 0.04383484]\n",
      " [0.04685834 0.49446232 0.42785304 0.03082629]\n",
      " [0.02951112 0.68017458 0.26916579 0.0211485 ]\n",
      " [0.04178781 0.69054316 0.25432113 0.0133479 ]\n",
      " [0.04658435 0.67799039 0.26233178 0.01309348]\n",
      " [0.02350326 0.22161688 0.59815958 0.15672029]\n",
      " [0.0344162  0.41053617 0.50398183 0.0510658 ]\n",
      " [0.05681627 0.58340727 0.33730388 0.02247258]\n",
      " [0.01936276 0.11359386 0.6398181  0.22722528]\n",
      " [0.03805845 0.36970371 0.52806638 0.06417146]\n",
      " [0.01442032 0.13189893 0.58749463 0.26618612]\n",
      " [0.04760428 0.67507649 0.26241184 0.0149074 ]\n",
      " [0.04417074 0.48482952 0.41572382 0.05527592]\n",
      " [0.03612512 0.57010454 0.35846321 0.03530713]\n",
      " [0.02398042 0.35763913 0.55185468 0.06652577]\n",
      " [0.0095669  0.04615302 0.54093565 0.40334443]]\n"
     ]
    }
   ],
   "source": [
    "# visualiza a predição das probabilidades de y\n",
    "print(y_pred_proba)"
   ]
  },
  {
   "cell_type": "code",
   "execution_count": 129,
   "metadata": {},
   "outputs": [],
   "source": [
    "# transforma array em dataframe\n",
    "dfproba = pd.DataFrame(y_pred_proba)"
   ]
  },
  {
   "cell_type": "code",
   "execution_count": 130,
   "metadata": {},
   "outputs": [],
   "source": [
    "# renomeia as colunas\n",
    "dfproba.columns = ['p6', 'p5', 'p7', 'p4']"
   ]
  },
  {
   "cell_type": "code",
   "execution_count": 131,
   "metadata": {},
   "outputs": [],
   "source": [
    "# arredonda os resultados com duas casas decimai\n",
    "dfproba = round(dfproba*100, 2)"
   ]
  },
  {
   "cell_type": "code",
   "execution_count": 132,
   "metadata": {},
   "outputs": [],
   "source": [
    "# soma o total de percentuais para checar se fecha em 100%\n",
    "dfproba['soma_perc'] = dfproba.p6 + dfproba.p5 + dfproba.p7 + dfproba.p4"
   ]
  },
  {
   "cell_type": "code",
   "execution_count": 133,
   "metadata": {},
   "outputs": [
    {
     "data": {
      "text/html": [
       "<div>\n",
       "<style scoped>\n",
       "    .dataframe tbody tr th:only-of-type {\n",
       "        vertical-align: middle;\n",
       "    }\n",
       "\n",
       "    .dataframe tbody tr th {\n",
       "        vertical-align: top;\n",
       "    }\n",
       "\n",
       "    .dataframe thead th {\n",
       "        text-align: right;\n",
       "    }\n",
       "</style>\n",
       "<table border=\"1\" class=\"dataframe\">\n",
       "  <thead>\n",
       "    <tr style=\"text-align: right;\">\n",
       "      <th></th>\n",
       "      <th>p6</th>\n",
       "      <th>p5</th>\n",
       "      <th>p7</th>\n",
       "      <th>p4</th>\n",
       "      <th>soma_perc</th>\n",
       "    </tr>\n",
       "  </thead>\n",
       "  <tbody>\n",
       "    <tr>\n",
       "      <th>0</th>\n",
       "      <td>3.23</td>\n",
       "      <td>59.34</td>\n",
       "      <td>35.37</td>\n",
       "      <td>2.06</td>\n",
       "      <td>100.00</td>\n",
       "    </tr>\n",
       "    <tr>\n",
       "      <th>1</th>\n",
       "      <td>2.88</td>\n",
       "      <td>23.20</td>\n",
       "      <td>60.06</td>\n",
       "      <td>13.86</td>\n",
       "      <td>100.00</td>\n",
       "    </tr>\n",
       "    <tr>\n",
       "      <th>2</th>\n",
       "      <td>2.63</td>\n",
       "      <td>44.69</td>\n",
       "      <td>46.81</td>\n",
       "      <td>5.86</td>\n",
       "      <td>99.99</td>\n",
       "    </tr>\n",
       "    <tr>\n",
       "      <th>3</th>\n",
       "      <td>1.12</td>\n",
       "      <td>12.70</td>\n",
       "      <td>63.49</td>\n",
       "      <td>22.69</td>\n",
       "      <td>100.00</td>\n",
       "    </tr>\n",
       "    <tr>\n",
       "      <th>4</th>\n",
       "      <td>4.41</td>\n",
       "      <td>64.53</td>\n",
       "      <td>29.67</td>\n",
       "      <td>1.39</td>\n",
       "      <td>100.00</td>\n",
       "    </tr>\n",
       "    <tr>\n",
       "      <th>5</th>\n",
       "      <td>3.16</td>\n",
       "      <td>24.51</td>\n",
       "      <td>60.18</td>\n",
       "      <td>12.15</td>\n",
       "      <td>100.00</td>\n",
       "    </tr>\n",
       "    <tr>\n",
       "      <th>6</th>\n",
       "      <td>1.29</td>\n",
       "      <td>14.87</td>\n",
       "      <td>53.80</td>\n",
       "      <td>30.04</td>\n",
       "      <td>100.00</td>\n",
       "    </tr>\n",
       "    <tr>\n",
       "      <th>7</th>\n",
       "      <td>3.78</td>\n",
       "      <td>51.57</td>\n",
       "      <td>41.62</td>\n",
       "      <td>3.03</td>\n",
       "      <td>100.00</td>\n",
       "    </tr>\n",
       "    <tr>\n",
       "      <th>8</th>\n",
       "      <td>4.19</td>\n",
       "      <td>56.41</td>\n",
       "      <td>36.26</td>\n",
       "      <td>3.13</td>\n",
       "      <td>99.99</td>\n",
       "    </tr>\n",
       "    <tr>\n",
       "      <th>9</th>\n",
       "      <td>3.70</td>\n",
       "      <td>69.98</td>\n",
       "      <td>24.59</td>\n",
       "      <td>1.73</td>\n",
       "      <td>100.00</td>\n",
       "    </tr>\n",
       "    <tr>\n",
       "      <th>10</th>\n",
